1 1 2009
1 1 2010
1 1 2010
1 1 2010
1 1 2010
1 1 2010
1 1 2011
1 2 2011
1 2 2011
1 2 2011
1 2 2011
1 2 2011
1 2 2011
1 2 2011
1 2 2011
1 2 2011
1 2 2011
1 2 2011
1 2 2011
1 2 2011
1 3 2011
1 3 2011
1 3 2011
1 3 2011
1 3 2011
1 3 2011
1 3 2011
1 3 2011
1 4 2011
1 4 2011
1 4 2011
1 4 2011
1 4 2011
1 4 2011
1 4 2011
1 4 2011
2 4 2011
2 4 2011
2 4 2011
2 4 2011
2 4 2011
2 4 2011
2 4 2011
2 4 2011
2 4 2011
2 4 2011
2 4 2011
2 4 2011
2 4 2011
2 4 2011
2 4 2011
2 4 2011
2 4 2011
2 4 2011
2 4 2011
2 4 2011
2 4 2011
2 4 2011
